0.002503089,-0.18987954,0.49384075,0.49586788,1.0000688e-05,1.0677764e-05,0.49714506,-6.849959e-07,0.0035643796
-0.18987954,-0.39753562,0.49283773,5.101286e-07,0.4952478,1.4128968e-05,0.0022624012,0.49776053,-5.1833067e-06
0.49384075,0.49283773,-0.0007306626,9.695313e-05,0.0017073794,0.4978221,-1.7276859e-06,3.1087748e-09,0.49818593
0.49586788,5.101286e-07,9.695313e-05,0.29886478,0.49933013,0.49733964,0.49903485,0.002316324,-1.5785038e-06
1.0000688e-05,0.4952478,0.0017073794,0.49933013,-0.004189487,0.49422765,0.00035107406,0.49587715,0.0015130081
1.0677764e-05,1.4128968e-05,0.4978221,0.49733964,0.49422765,-0.0024973792,0.0001641261,0.0021629622,0.5016852
0.49714506,0.0022624012,-1.7276859e-06,0.49903485,0.00035107406,0.0001641261,-0.0019105246,0.49319303,0.49792647
-6.849959e-07,0.49776053,3.1087748e-09,0.002316324,0.49587715,0.0021629622,0.49319303,2.7743748e-05,0.49859363
0.0035643796,-5.1833067e-06,0.49818593,-1.5785038e-06,0.0015130081,0.5016852,0.49792647,0.49859363,-0.0013234986
