0.058559872,-0.07285333,0.428829,0.45894817,0.009745366,0.10526966,0.42987093,0.033604153,0.09595717
-0.07285333,-0.36161834,0.428802,0.0065232506,0.50824475,0.05981674,0.09771607,0.5224712,0.11421292
0.428829,0.428802,-0.051630497,0.09223123,0.15912305,0.43174636,0.063337825,0.0003952777,0.52496445
0.45894817,0.0065232506,0.09223123,0.30246025,0.2879718,0.54722524,0.43666518,0.15365683,0.03743132
0.009745366,0.50824475,0.15912305,0.2879718,0.026684701,0.4067833,0.04837495,0.5204923,0.07874191
0.10526966,0.05981674,0.43174636,0.54722524,0.4067833,-0.0593071,0.058199942,0.07536534,0.44236568
0.42987093,0.09771607,0.063337825,0.43666518,0.04837495,0.058199942,0.04126191,0.43424267,0.57373595
0.033604153,0.5224712,0.0003952777,0.15365683,0.5204923,0.07536534,0.43424267,-0.10426331,0.4573304
0.09595717,0.11421292,0.52496445,0.03743132,0.07874191,0.44236568,0.57373595,0.4573304,0.08540382
